1
50
30
-512
512
200
100
0.8
0
0.005
0.1
5
0.2
2
50
30
-100
100
200
100
0.8
0
0.005
0.1
5
0.2
3
50
30
-100
100
200
100
0.8
0
0.005
0.1
5
0.2
4
50
30
-30
30
200
100
0.8
0
0.005
0.1
5
0.2
5
50
30
-500
500
200
100
0.8
0
0.005
0.1
5
0.2
6
50
30
-30
30
200
100
0.8
0
0.005
0.1
5
0.2
7
50
30
-30
30
200
100
0.8
0
0.005
0.1
5
0.2
8
50
30
-32
32
200
100
0.8
0
0.005
0.1
5
0.2
9
50
30
-32
32
200
100
0.8
0
0.005
0.1
5
0.2
10
50
30
-500
500
200
100
0.8
0
0.005
0.1
5
0.2
11
50
30
-500
500
200
100
0.8
0
0.005
0.1
5
0.2
12
50
30
-100
100
200
100
0.8
0
0.005
0.1
5
0.2
13
50
30
0
3.14159
200
100
0.8
0
0.005
0.1
5
0.2
14
50
30
-30
30
200
100
0.8
0
0.005
0.1
5
0.2
15
50
30
-100
100
200
100
0.8
0
0.005
0.1
5
0.2
16
50
30
-10
10
200
100
0.8
0
0.005
0.1
5
0.2
17
50
30
-100
100
200
100
0.8
0
0.005
0.1
5
0.2
18
50
30
-100
100
200
100
0.8
0
0.005
0.1
5
0.2